[GENERAL]
EffectSearchPaths=.\reshade-shaders\Shaders
PreprocessorDefinitions=RESHADE_DEPTH_LINEARIZATION_FAR_PLANE=1000.0,RESHADE_DEPTH_INPUT_IS_UPSIDE_DOWN=0,RESHADE_DEPTH_INPUT_IS_REVERSED=1,RESHADE_DEPTH_INPUT_IS_LOGARITHMIC=0
TextureSearchPaths=.\reshade-shaders\Textures

[INPUT]
ForceShortcutModifiers=1
InputProcessing=2
KeyEffects=118,0,0,0
KeyNextPreset=0,0,0,0
KeyOverlay=119,0,0,0
KeyPerformanceMode=0,0,0,0
KeyPreviousPreset=0,0,0,0
KeyReload=0,0,0,0
KeyScreenshot=44,0,0,0

[OVERLAY]
ShowFPS=1

[STYLE]
Alpha=1.000000
Border=1.000000,0.999990,0.999990,0.300000
BorderShadow=0.000000,0.000000,0.000000,0.000000
Button=0.117647,0.345098,0.976471,0.440000
ButtonActive=0.117647,0.345098,0.976471,1.000000
ButtonHovered=0.117647,0.345098,0.976471,0.860000
CheckMark=0.117647,0.345098,0.976471,0.800000
ChildBg=0.117646,0.117646,0.117647,0.000000
ChildRounding=0.000000
ColFPSText=1.000000,1.000000,0.784314,1.000000
DockingEmptyBg=0.200000,0.200000,0.200000,1.000000
DockingPreview=0.117647,0.345098,0.976471,0.532000
DragDropTarget=1.000000,1.000000,0.000000,0.900000
EditorFont=.\NotoSans-Medium.ttf
EditorFontSize=16
EditorStyleIndex=0
Font=.\NotoSans-Medium.ttf
Font.\NotoSans-Medium.ttf=
FontSize=16
FPSScale=1.000000
FrameBg=0.117646,0.117646,0.117647,1.000000
FrameBgActive=0.117647,0.345098,0.976471,1.000000
FrameBgHovered=0.117647,0.345098,0.976471,0.680000
FrameRounding=0.000000
GrabRounding=0.000000
Header=0.117647,0.345098,0.976471,0.760000
HeaderActive=0.117647,0.345098,0.976471,1.000000
HeaderHovered=0.117647,0.345098,0.976471,0.860000
MenuBarBg=0.117646,0.117646,0.117647,0.570000
ModalWindowDimBg=0.800000,0.800000,0.800000,0.350000
NavHighlight=0.260000,0.590000,0.980000,1.000000
NavWindowingDimBg=0.800000,0.800000,0.800000,0.200000
NavWindowingHighlight=1.000000,1.000000,1.000000,0.700000
PlotHistogram=1.000000,0.999990,0.999990,0.630000
PlotHistogramHovered=0.117647,0.345098,0.976471,1.000000
PlotLines=1.000000,0.999990,0.999990,0.630000
PlotLinesHovered=0.117647,0.345098,0.976471,1.000000
PopupBg=0.078431,0.078431,0.078431,0.920000
PopupRounding=0.000000
ResizeGrip=0.117647,0.345098,0.976471,0.200000
ResizeGripActive=0.117647,0.345098,0.976471,1.000000
ResizeGripHovered=0.117647,0.345098,0.976471,0.780000
ScrollbarBg=0.117646,0.117646,0.117647,1.000000
ScrollbarGrab=0.117647,0.345098,0.976471,0.310000
ScrollbarGrabActive=0.117647,0.345098,0.976471,1.000000
ScrollbarGrabHovered=0.117647,0.345098,0.976471,0.780000
ScrollbarRounding=0.000000
Separator=1.000000,0.999990,0.999990,0.320000
SeparatorActive=1.000000,0.999990,0.999990,1.000000
SeparatorHovered=1.000000,0.999990,0.999990,0.780000
SliderGrab=0.117647,0.345098,0.976471,0.240000
SliderGrabActive=0.117647,0.345098,0.976471,1.000000
StyleIndex=3
Tab=0.117647,0.345098,0.976471,0.440000
TabActive=0.117647,0.345098,0.976471,1.000000
TabHovered=0.117647,0.345098,0.976471,0.860000
TabRounding=4.000000
TabUnfocused=0.117647,0.345098,0.976471,0.448000
TabUnfocusedActive=0.117647,0.345098,0.976471,0.780000
Text=1.000000,0.999990,0.999990,1.000000
TextDisabled=1.000000,0.999990,0.999990,0.580000
TextSelectedBg=0.117647,0.345098,0.976471,0.430000
TitleBg=0.117647,0.345098,0.976471,0.450000
TitleBgActive=0.117647,0.345098,0.976471,0.580000
TitleBgCollapsed=0.117647,0.345098,0.976471,0.350000
WindowBg=0.078431,0.078431,0.078431,1.000000
WindowRounding=0.000000

